-2.335724236663574160e+01
-2.427539427806158301e+01
-1.105280376876867194e+02
-2.538203433991288804e+01
7.991357367574201476e+01
4.858222583101954939e+01
2.230280699858432314e+01
2.530767917146638979e+01
3.954280254712434939e+00
-4.072997755330926850e+01
-3.814922949257455542e+01
-6.907707710451882477e+00
-1.058946142137567676e+02
-2.346688582110520116e+01
5.122627679299367998e+01
1.066977841021825384e+02
1.402483976001926180e+02
1.208905306030356286e+00
-3.389302454237693496e+01
-6.086822877433417034e+01
3.891222049710222564e+01
-7.236291243620061664e+01
-6.766540712104389854e+01
-1.173787796725456545e+01
-1.968499622852547537e+00
1.527761899101927412e+01
-3.062929215681840134e+01
-1.023183583797191716e+02
-9.880750508604199567e+00
-2.566129412459032366e+01
-1.906241359724439377e+01
4.360947086980492315e+01
5.386630059525671044e+01
9.717654690513933247e+01
1.732210636286734484e+01
-5.147930300791392355e+00
-7.255612608388506146e+01
-5.402260432916511945e+01
3.566941376163239141e+01
-5.700503042904571771e+01
-2.971677025723082721e+01
-4.932096346882517857e+00
-1.805512895394020489e+01
2.017821801868828757e+01
-1.578411292422312044e+02
-6.787397709945555135e-01
-6.786526449753088386e+00
1.213670367367541658e+01
5.528805635532962270e+01
6.649286307064680557e+01
-8.684557523143061530e+01
-1.651970354776809202e+01
-4.968774076360774927e+01
-1.265581953340678290e+01
5.124254407617380735e+01
3.646963215491494026e+01
-5.400931855444407859e+01
-1.364585936953459679e+02
4.772997894214052650e+01
3.838751257153924001e+01
1.137564067980363376e+02
-1.311662486113233967e+02
1.220382001824329166e+01
-8.407114222873123310e+01
1.245553759908153779e+01
3.972300665968728595e+01
3.429115432365649951e+01
7.164580915364231828e+01
1.710158328896149271e+01
6.822765875912059741e+00
4.610935855594757271e+01
1.166346471291016087e+02
5.246563071817277546e+01
9.908259734460798995e+01
-5.273676330298513903e+01
1.391359705722338269e+01
4.271741442955995893e+01
9.664473681591090326e+01
7.361149208156983548e+01
-5.532418632688107607e+01
-7.634966120152220981e+01
2.625437243149061572e+01
2.459684856795418639e+01
1.728398760203648976e+01
-2.499568558409624686e+01
1.001884863596427948e+02
5.837428137488871016e+00
3.390811733453148946e+01
-2.063692739997708259e+01
-6.693092502600578086e+01
2.346436308823512462e+01
3.084842804849443176e+00
1.057401684928893246e+02
-3.501504472257377643e+01
-5.106616372557994765e+01
-5.438909367516994564e+01
-3.711917207022918319e+01
-4.812027676521745434e+01
-5.857190630372184614e+01
-8.091066681380651460e+01
1.094880169098565688e+02
-1.352192344066522267e+01
-4.000524491364097202e+01
-3.537828064611199608e+01
6.682887110452973900e+00
1.479182797487620959e+01
-5.012555453742403699e+01
1.109910759578757364e+02
4.741715429641004675e-01
4.435948037000563460e+01
8.838035329759897252e+01
8.864955288869349204e+01
-6.627826642763542964e+01
3.702500291501689844e+01
3.965465478960923207e+01
6.131546467051694549e+01
-7.095343702718884060e+01
7.150463870720597015e+01
-1.434521097478231866e+02
1.550630836939889967e+01
-4.092914403940071111e-01
-6.462501533345964333e+01
3.712512485271573581e+01
-2.753881587041081502e+01
4.809089293589927649e+01
6.355074313279772014e+01
7.122191216938034586e+01
8.370873237813324863e+01
4.982176609456556804e+01
-3.889188997286865401e+00
3.667635750093177194e+01
-1.197599828370821768e+02
1.078380795081468335e-01
4.381594965712712053e+01
4.364694579696592314e+01
-1.335644811422574207e+01
-3.405464869873483735e+01
-4.389715592717544723e+01
1.034306398313935489e+02
-5.225091324236292678e+01
2.530244115416313022e+01
-1.736808698958864028e+01
-5.545554511117320828e+01
1.285604217941769036e+02
-9.925136087331210888e+01
1.623330256246869396e+01
2.471253450151804643e+01
-1.258387623061192357e+02
2.549110595637202437e+01
-1.611595494825926380e+02
-3.507028226320550601e+01
-4.683476388953641845e+01
7.530480903523073266e+01
-8.432707663885804550e+01
-1.124927822825679584e+02
-3.363610487982349895e+01
1.330374480772175048e+02
-8.539432643722230409e+01
-9.911298941912002647e+01
5.192941768509984257e+01
4.437930653938963133e+01
-4.531065195324433148e+01
-7.557326627660543750e+01
2.331089241262713685e+01
-3.507401727189868268e+01
5.284324489532775715e+01
-5.937839375665006969e+00
-3.397707648419341808e+00
-2.956111471850501715e+01
-7.880882330899135013e+01
1.292657539140228451e+01
-3.829708607585662605e+01
1.764247193309745398e+01
6.433370151919527302e+01
1.064755804817786498e+02
-1.263556625670697571e+02
-2.161040828179248763e+01
-4.746400774331499406e+01
4.309270858301684370e+01
-6.378124456240442441e+01
-6.206993094879369721e+01
6.258715559920806726e+01
4.318859722128964762e+01
-2.729291554083889793e+01
-6.064320264492870649e+00
-4.906842269936683820e+00
-3.155806076789209413e+01
-7.985218420877231438e-01
4.453066938536365882e+01
1.198002070337372658e+02
-5.026188986387911939e+01
-1.189100457822273142e+02
-5.229448886729212376e+01
2.583639719408422764e+01
8.518312714931242624e+01
-3.145406482005228099e+00
2.601154129103516865e+01
8.003487685525560380e+01
2.778378639617832491e+01
9.213934893696249162e+01
7.836035965986465612e+01
7.320816429894591693e+01
-4.581279367736389219e+01
-4.135224166797583223e+01
-1.171733292400613777e+02
2.147738029368972832e+02
1.072926577299696760e+01
5.982270424388285335e+01
-1.287802868380472034e+02
-6.756828899476916206e+01
-8.074584288376527752e+00
3.778640574582468048e-01
4.274013081721084006e+01
-3.138676927612221590e+01
9.983514688940519477e+01
-7.728878732350337089e+01
4.251202055377950728e+01
-6.749767235522287301e+00
-1.261428120275139086e+01
-1.147557921597261270e+02
1.265033555109163643e+02
1.265852710743163101e+01
-3.676198167266874606e+01
-1.002433586593968506e+01
-1.389184788544702940e+02
-1.172438660494006797e+02
1.588198790686073281e+01
-1.023697448394160290e+02
1.370266384641361412e+02
-3.107133160327617105e+01
1.185665537494887474e+02
-2.180672255347041144e+01
-1.062904314192827684e+02
2.103275813282575513e+01
-4.293602337180652739e+01
-6.425454466828608702e+01
-5.522718465615928807e+01
-1.705146489224913608e+01
5.613243450095899334e+01
-8.174058147796584706e+01
-1.881947377699999890e+01
1.578690476042415902e+01
8.280734970705920261e+01
-1.436663047342314670e+01
9.505255300314850331e+01
5.325357954168282504e+01
-4.779587629966351869e+01
-4.646873910055310120e+01
5.574726118242479345e+01
6.962863273648584084e+01
-5.670764053608726130e+01
1.583982505719925449e+01
1.335438128829633797e+01
-4.794639236638074209e+01
1.387873033350355001e-01
-5.208531080065705510e+01
-1.220035754520769444e+02
-2.662049088959844312e+01
-2.064067836255602373e+01
6.676945759046462570e+01
1.779135342893809124e+01
-7.090519364062185304e+00
-1.626953804213459520e+01
2.644234444590352950e+00
-1.487687841274093081e+01
3.463578765129696535e+01
-5.410897530110732134e+01
1.334762664418274625e+01
5.316185835295654982e+01
1.394960287017551082e+02
1.121240072396552989e+02
-2.678828431036912505e+01
8.503546218312339988e+01
1.945030725118876092e+01
-4.078485909273757670e+01
-5.002629700185767803e-01
-5.435096357299457281e+01
1.676549388673181795e+01
-7.705762554507354878e+01
1.381305207484221675e+01
-3.465725439870773528e+01
-1.222416380294337657e+01
8.454147297628108504e+01
1.690502139242232005e+01
-1.688969694918571918e+01
4.580731993907383526e+01
7.403925209389299766e+01
-4.522693401642765565e+01
6.984904186088409972e+01
-1.440150491110487110e+02
2.838457283556221000e+01
-1.011518853009501129e+01
3.527497628902676752e+01
5.668359035504700216e+01
-1.221267823429956536e+02
-7.384698255749800921e+01
-1.339504923499904976e+01
5.535838667377416300e+01
4.131590292626331973e+01
-4.763360649723775708e+01
5.442341223622987201e+01
6.597868844199891214e+01
-7.401915617269239078e-02
3.665233046430934394e+01
-4.296148763115817104e+01
2.862416702370326504e+01
-5.283117763871281625e+01
-4.462231671472193284e+01
-2.590758818649694817e+01
-3.348796745634407301e+01
-1.148815501989125387e+01
1.275634359170348944e+02
-4.645436404711809786e+01
-1.384036679210542431e+01
6.036639117083666406e-01
4.930203322078297390e+01
-5.690416067237042341e+01
3.526441865520249763e+01
4.656517343015572408e+01
-6.087107756251180035e+01
2.425146763724918486e+01
-1.562737289989261171e+02
-4.458342468169510653e+01
5.581034512512242429e+01
-1.336809922659016934e+02
7.914992188641457460e+01
1.213454012559641910e+02
-2.808459149013496514e+01
-4.338003281228121466e+01
-5.523831061819642940e+01
-4.365278191384337703e+00
1.630566127751936989e+01
3.714156587236347207e+01
-5.868448945194357691e+01
-9.304815094034185563e+01
4.021459078081445426e+01
7.961442715518299451e+01
-5.614513795419629361e+01
4.968376254122038915e+01
-1.183447202265812948e+01
-1.009722391055455688e+02
-2.384033512048551273e+01
-5.145996905876637051e+00
3.573693214695285292e+01
-7.142023552970816525e+01
-1.778501597530781098e+01
8.010487343431012874e+00
2.608437499072441312e+01
3.179782541249208805e+01
3.359069650586967271e+01
1.239724178765225560e+01
-1.178911223220471705e+01
-3.348658540664114014e+01
7.598420282496127243e+01
9.976647668749642150e+01
2.428622158211702242e+01
4.389852871050342742e+01
9.724571440449157933e+01
-5.890834316868815534e+01
9.139116929860048799e+01
4.361926934708749570e+01
9.495800798794153508e+00
7.359266970395938756e+01
5.311170924894586420e+00
1.056994604358751388e+02
-2.483882202012661367e+01
-1.257081965596960593e+01
-3.464139471749797394e+01
-8.292726420139251786e+01
-6.285115377512965296e+01
1.589681841832868940e+02
2.318739513094705273e+00
-9.988763755744309947e+01
-2.782533844590219019e+01
1.079439675649316541e+02
-5.709556658006464147e+01
5.554705502977062892e+00
-2.833417781151817039e+01
-6.748358643192320017e+01
-2.084926848565960000e-01
1.847892846066062873e+02
6.898734489103144085e+01
4.011713831922399720e+01
-7.335607365676844438e+01
-1.378696612928186838e+01
-3.404970354099883423e+01
3.429193057356096119e+01
-1.078793942690790608e+01
1.928831025559311740e+01
2.585715909739684193e+01
-9.417041717114497601e+01
-9.597655606727496291e+00
-3.236296303923856499e+01
7.433641229179880838e+01
1.938126222041523405e+00
-9.937310895173672520e+01
-5.855975968891063133e+01
1.863688306118133937e+02
2.932965814139988936e+01
4.384360863604758407e+00
-1.203411724688206874e+02
-2.301813934677031881e+01
-3.248764930547280017e+01
-2.624362359178906345e+01
-5.134121332761101542e+01
1.848440190721138165e+01
5.962775591355558902e+01
4.481096463121033935e+00
1.060875654790107490e+02
-8.790109837991580832e+01
1.968486180508519396e+02
-6.349187349140402148e+01
-1.013000415668468008e+02
6.383656319850796024e+01
-4.101098824224354189e+01
-1.887757725713534285e+02
-5.355123841096146720e+01
-1.134176812975408950e+02
-1.057705099891446707e+02
3.328901722289673160e+01
-1.929407635786782294e+01
3.700197886302723305e+01
-4.459181391383550874e+01
1.042916844848740610e+01
5.930894703945588731e+01
6.153481499950960654e+01
-5.998970198881031024e+01
4.557426764607349412e+00
-8.365455802790665985e+01
-2.971174822445614438e+01
-1.332332178563963510e+01
-1.320646987251477640e+02
-2.433627467514797615e+01
5.278717016276215190e+01
2.747488492790099457e+01
3.912098170358642335e+01
-5.448015617813215528e+00
-2.475515347208303751e+01
-6.306454464868600951e+01
2.392432025348087876e+01
-1.135266244490365324e+02
-1.236094368474352478e+02
1.104707228688400988e+00
-6.253771168189662433e+01
-5.227621588767608785e+01
1.110460104997725921e+02
-3.816927285824347393e+01
-1.015376622132250972e+01
-4.561478615912135126e+01
-1.204351767058361702e+02
-3.852668176385565246e+00
1.547962533270529306e+01
8.800844009749920360e+01
5.679748534460117071e+00
6.607695492226607570e+00
3.667548882413063893e+01
2.638819990597630039e+01
-7.803896467778558943e+00
-8.638411662022610571e+00
-9.018820451382738668e+01
9.942747782248974886e+01
-3.959312192994104151e+01
2.521354363001412580e+01
-8.996455973013530638e+01
-8.683574722402061852e+00
-3.553020328039826126e+01
4.455011798985410110e+01
9.893606088408398946e+00
8.892774491221906885e+01
6.099452491835920398e+01
-1.999848090691701330e+00
3.384229760855428992e+01
-4.876790377380803676e+00
-4.623499136723914660e+01
3.847974552942557125e+01
3.486454179464859138e+00
6.886851226389093483e+01
-1.320751558750393428e+02
-8.326039562248699610e+01
1.701054445208792387e+01
-3.834851888446641510e+01
1.123452481574805120e+02
-3.587284861060268781e+01
1.081670155293874984e+02
-4.866375140129003540e+01
3.246909777921649010e+01
4.083820533075121517e+01
1.514691183196802804e+01
1.039724113256004889e+00
2.080502252850956211e+02
7.466954485920983586e+01
-5.434345988073680189e+01
8.643001795283709043e+00
-3.584720425711186920e+01
8.604678721981339606e+01
-2.638055868796420356e+01
-1.085846133962718909e+02
-1.248691939661265948e+01
8.984463935734423501e+01
-3.367726058452052484e+01
