3.326993136000432401e+02
1.333160578848858222e+02
-2.049219719375153659e+02
-2.098953101409601913e+02
-1.723877516063677433e+02
2.114233473630767435e+01
-9.480480359524266021e+01
-1.662409413861469716e+02
1.858695881983016420e+02
7.229750032672961879e+01
3.230663175383562020e+02
3.417547272772858946e+01
2.142461046742436110e+02
1.226030926070242373e+02
2.104967686582999420e+01
-7.230785066684350681e+01
2.430359240314037947e+02
2.333115182567966315e+02
-1.042156726013748198e+02
-1.376700309615106619e+02
-2.994144851487233154e+02
4.481609544851457372e+01
-1.231901203697462677e+02
-1.068082034917833454e+02
-1.521348374726280781e+02
3.029974149847712397e+02
-9.583684441572692947e+01
3.830660977292506431e+00
-2.160475338112679822e+02
1.030043283979978384e+02
-2.472484526520035502e+02
-5.643484781444740861e+01
4.847914126745430252e+01
-6.364934451238802637e+01
-1.398739560995431930e+02
3.393055033320207485e+02
3.505170675171061134e+01
2.758625822226665392e+01
-1.332776068379021410e+02
-1.458541311714200788e+02
-8.127375468813951898e+01
1.036815212779621049e+02
2.109363783846374076e+02
1.777679984036455210e+02
-1.727267050600129608e+02
2.407165937452654418e+02
-1.058594585391977603e+02
8.517314461293196359e+00
7.527040278906932258e+01
-1.453251829329277030e+02
-2.269223214691119850e+01
2.007928135215583438e+02
-6.238697155608397793e+01
-3.012197068271383387e+02
8.955543036850838234e+01
6.882846499536799456e+01
5.214804731161249407e+01
2.553416723779308484e+01
1.491729194111177605e+02
3.593010373225330056e+01
-7.491719280670436376e+01
-1.172390771731724328e+02
1.738384189200693299e+02
1.789383727234535968e+02
1.443113452038551827e+02
9.756087750879677856e+01
-4.180307438280053134e+01
5.138507535872732745e+01
-1.761691322622014155e+01
9.039211986792764719e+01
1.445186686769802691e+02
2.151975689208786093e+02
-2.258616240030626727e+02
-3.780995061670398059e+02
4.826960274100248682e+01
2.558798804313256881e+01
-7.896191862402989159e+01
1.568842457776337653e+02
1.307828604302826534e+02
-2.670662051286038974e+01
1.644226307584266351e+02
-4.619662850321081038e+01
-4.898942314350099991e+01
1.293254240938532860e+02
-1.398849836964896269e+02
-7.865867654000868470e+01
9.390804422487744318e+01
2.388647454088148834e+02
2.791003378641424888e+02
1.430990583177745989e+01
2.429554487997566525e+01
2.577348571312947101e+01
1.727336425418998829e+02
-2.550969126569278842e+02
2.818264736337548015e+01
3.706077101566390297e+01
-6.635598637018489399e+01
1.950922113893122969e+02
6.855331856503737242e+01
2.064576382104909413e+01
-4.121769131393529051e+01
3.981738950276326960e+01
-2.347599377505759719e+02
-1.179497189698247013e+02
1.195030923324417813e+02
3.937144665428346002e+01
-2.728363954349006804e-01
1.876243533273992057e+02
-1.747980677379903511e+02
-6.689880700677147729e+01
3.075004713861640226e+01
-3.917451614065090837e+01
7.614299741290194845e+01
2.170966077199902600e+02
-2.475844266951130805e+02
-1.468723643432809070e+02
-2.642016026627813972e+02
-3.042695088804034640e+02
3.122460685180237761e+01
-1.052824630637611563e+02
-1.255283863430014790e+01
2.115454774892041030e+02
1.949511304181404370e+01
-2.095458136380732483e+01
-2.688071714200522138e+02
-1.380666128887493187e+02
1.542797123120411413e+02
-1.084565970139041156e+02
1.126639377736213419e+02
-1.026323734232186666e+02
8.561284912002385283e+01
1.627845656092424917e+02
1.728626680016050798e+01
-2.002100641813780726e+02
1.527217703792757391e+02
-2.122797461619713317e+02
-6.605524616472320076e+01
4.760496540397488729e+01
-1.942670812791292434e+01
1.106922448698744859e+02
1.081693341558435861e+01
6.733109602794090165e+01
-2.607815553629380929e+02
-5.375251477999780292e+01
-1.541037158237410267e+02
1.849599598354949848e+01
1.803525409678260019e+02
1.033283012794244904e+01
7.214724592909033163e+01
1.367426141044277585e+02
-1.362595590036196427e+02
-2.991377913615912121e+01
-1.437641906448309612e+02
6.483656281278034328e+01
2.331304652837815468e+02
1.247994809722168696e+02
6.656565665762238382e+01
2.216933323232647979e+01
6.632290975320434256e+01
-1.137264117953145330e+02
2.268330513029841882e+02
-2.017149028291927664e+02
1.002491953219799257e+02
-5.585993455700583610e+01
2.414374523052260315e+02
1.021142319539512187e+02
4.175512090730360626e+01
1.152919269167958873e+02
8.349403060407345833e+01
4.850916611799138423e+01
1.318000575525877025e+02
-1.693867474681416070e+02
-1.603699896521414985e+02
6.038537871600657070e+01
-2.325894834624447753e+02
-8.727443355663324098e+01
-8.497691001571824643e+01
-9.864043820465094825e+01
-9.566554702241394637e+01
-1.092113790152830575e+02
-1.499689364631557282e+02
4.064370081045138505e+01
2.940581017632130312e+00
-3.509883443165145422e+01
-1.464380433945663924e+02
-1.205084826727390634e+02
1.811060000840989233e+02
4.494165978180727734e+02
-1.987625473688991633e+02
-1.680143580131922221e+01
-1.236467414672162590e+01
-5.627771211827496955e+01
-3.510824183657759932e+02
-5.413710900061148834e+01
1.293145043347088290e+02
2.109288223927106856e+02
-1.546742074747960203e+02
-1.245929140107331534e+02
-1.544072333026124966e+01
-1.620301832271915998e+02
5.736626678956873349e+01
-4.783887355721667234e+01
-1.375439296935650759e+02
-1.506663369563068215e+02
6.030372402682232291e+01
4.659329976987898903e+01
6.869811834516468707e+00
7.193678025420065580e+01
1.359216209751762108e+02
1.524364661047564766e+02
-9.426922228432061956e+01
2.525277036297092650e+02
4.077266421439506416e+01
6.984538562437911935e+01
6.774302248842116114e+01
4.401025077916287387e+01
-2.327754215564972924e+02
-2.740155269372526732e+02
-1.207920129556535755e+02
2.423724523962674482e+01
-1.354629345237055986e+02
-1.162521069825296820e+02
7.694742213051961599e+00
8.755955333609509239e+01
3.524692594351759567e+01
-1.463795316992537892e+02
-2.949036441920513880e+02
5.155496047045697594e+01
-1.053416121688261455e+02
1.857761609679145920e+01
-1.283773459984370504e+02
-1.323347873358743527e+02
8.555325034491254144e+01
1.157642992335882752e+02
1.565343417085025237e+02
1.061323142785213065e+02
-8.713389799157411630e+01
-2.606447064889929379e+02
-2.295239695571030580e+00
7.246263549905265222e+01
-5.024179183711482466e+01
1.433912437980670234e+02
1.535099108365547238e+02
-3.746972959905342293e+01
-1.071492399221742744e+02
-1.574960847927823124e+02
7.078184044180440537e+01
-8.832104747532176248e+01
-6.069473298094948177e+01
6.242593429972396279e+01
-1.115737834272308930e+02
-4.681452584793339611e+01
-1.098949348698882034e+02
6.886217969150199281e+01
1.110759376410664174e+02
-1.555737524844391260e+02
5.382268267490139380e+01
1.665108094280732587e+00
-1.243811485832077892e+02
3.414767401038590577e+01
1.664258814109832088e+02
7.177277731207209399e+01
-2.951490140542989593e+02
1.166500300313316814e+02
1.318424779154534576e+02
1.127635364268414264e+00
-1.995978788030639919e+02
1.234443292641438177e+02
-3.081899057709887302e+01
-3.410274540269474528e+02
7.361977020208762212e+00
1.454262498144871927e+02
1.366851717840453091e+02
-4.232018770837629518e+02
-9.795286091086194347e+01
5.157986724870203155e+00
-2.796464988669555396e+02
-1.162615906484886779e+02
-1.770429595334579176e+02
3.238735558879197356e+02
1.090590121074753540e+02
-5.426172317843023052e+01
-2.464351969245013834e+02
-5.626817343375515179e+01
4.081376534275256063e+01
-1.593994841844112784e+02
2.163940902506187456e+02
-1.533946239977920243e+02
9.413895619878061893e+00
5.228327153406823413e+00
-4.705949099028391913e+01
1.766838538567003809e+02
1.248785093089633946e+01
2.065891792390549426e+02
-3.403844936829097634e+01
6.759975537245492205e+01
-7.526808463185867026e+01
2.165678684578656998e+01
-3.714400005913788050e+00
-1.843063286547317148e+02
1.959418573614787817e+02
1.477849140307562550e+02
1.963699529296359572e+02
1.168081308889280479e+02
-9.650292689388081158e+01
1.029285853608029697e+02
7.262857198248003243e+00
-3.765493911176540820e+01
-1.884876523478848185e+02
1.039300376751929349e+02
-1.219227991610725326e+02
2.789882818548292107e+02
-4.594553755764134451e+01
1.910670944538274512e+02
2.621749094235812549e+01
1.271301540190730321e+02
1.610993888535916483e+02
1.617347300489811062e+02
7.852961346791346386e+01
1.463523164474241582e+02
-1.145565309188317116e+02
-3.041587143988132311e+02
1.107206121598897397e+02
-1.664604220867472861e+01
-2.262082415461336211e+02
-2.058150980054214472e+02
3.206531803020188676e+01
-1.027824522339870441e+02
3.484136601015214296e+01
-9.959749410565589756e+01
1.256566937166290074e+02
-1.179033363971733905e+02
8.395896988233033653e+01
8.123914977005364335e+01
1.357117753805027007e+02
-1.421984629253271493e+01
-3.478464131518924773e+01
-1.526243579641497092e+02
5.311530105609078589e+01
-2.262576196375739812e+02
7.928289997024759828e+01
1.541119121256688231e+02
-1.700520130832695997e+01
1.912618467896125196e+02
3.058815793409475248e+01
-2.130682677271175010e+02
7.810377617427793950e+01
1.007520472179278954e+02
2.036052023931669339e+02
7.556068911058412141e+01
1.075378183318733392e+02
-1.919864697085918124e+02
-4.959741731414136723e+01
-7.065901422871840509e+01
1.338205047091473432e+02
5.539109213952681898e+01
-1.782109874967969176e+01
1.219658006348734034e+02
-7.556139700039767604e+01
-8.607378732221013706e+01
1.293494379041509035e+02
-1.452333217966586005e+02
2.478542440795347659e+02
2.310625048513259472e+01
3.479490336211380850e+02
-1.538843656233326556e+02
6.268126488276610786e+01
5.610492283827422000e+01
-1.612988722585961909e+02
1.373289980122502527e+02
2.749698643383258059e+02
2.696753776331100383e+01
4.432142660264587875e+01
-5.256974644833303500e+01
1.939032399178828570e+01
1.023504699162139389e+02
-1.205970567748558153e+00
-1.965029832167661539e+02
6.405749224070746095e+00
-6.817273748432219804e+01
7.736568363769151802e+01
5.463192621663570492e+01
1.135779789865036093e+02
-1.549685523554858833e+02
-5.224532773886252812e+01
2.111430844027712226e+02
1.486516393216003564e+02
-1.829192826869702913e+02
-2.319440953626005921e+02
4.350449509079486177e+01
1.616268581905576696e+02
-1.642092143156531847e+01
5.463951447024673769e+01
-5.314320316246277542e+01
-2.650662741888604046e+01
-4.215221297919032395e+01
2.273607390977663272e+02
-2.924914941091711285e+02
-8.622671133480268679e+01
2.375412777781156990e+02
2.061049551258317365e+02
1.027791322021421934e+02
-6.202852706874229227e+01
-2.904803125256214003e+02
1.351303423915149438e+02
-1.528347124181908612e+01
4.318426155291521695e+01
1.720292923825876699e+02
1.649849198200124363e+02
-4.386910011087035741e+02
6.842898627991010585e+01
1.970327736899522222e+02
-2.144579516262521111e+02
-2.674354400144935653e+02
-1.289977611755308544e+02
-1.174371314860006521e+02
4.573059814566903469e+01
5.819191368534316666e+01
-2.626876011383773744e+02
-1.136379286847130743e+00
-2.683117377855339214e+01
-4.703599963640253634e+01
1.225375178311726785e+02
-1.803112961682286937e+02
2.458607368319176203e+02
2.499160857171742123e+02
-6.116076016357318679e+01
-2.067549780311298377e+02
-1.162799483781876830e+02
-4.739794881731716458e+01
3.786671452206789468e+00
1.945106821160881339e+02
1.210836043646816620e+02
-1.746831673480603797e+01
9.250224609339029769e+01
-1.029350264621587883e+02
-1.638608969250493033e+02
-4.785309497022701066e+02
8.984449819167272722e+01
4.308789716785142332e+01
-3.275191826413369256e+00
-2.633366456219152241e+01
3.059255918524323548e+01
4.024780872294447676e+01
3.237586502900873597e+01
8.192771935739941114e+01
1.464041818574866340e+02
-1.598134397731290619e+02
1.885249446149956043e+00
2.052671538190837737e+02
-3.847086231636329501e+01
-2.953307732965535592e+01
-1.771032307730328270e+01
-9.137499595193398250e+01
8.852784716229351147e+01
-1.510090786347967082e+02
3.042627264284377731e+01
-1.503607162614491415e+02
-2.353941651854659085e+02
8.129091791766944652e+01
3.611869322550420236e+01
1.915326833200894896e+01
2.167669342716083065e+02
-2.441822818470076584e+02
8.899420871968202107e+01
6.314575245629814759e+01
1.708308557428685504e+02
-1.221959010634506626e+00
-6.052180854777796526e+01
-1.660002630652151367e+01
-2.169636414454955400e+02
-2.004561086620617232e+02
-9.949225404483568980e+01
2.430643698747018675e+02
-1.591023262823690061e+02
-7.105990568150836850e+01
-1.183363388449159004e+02
5.935299763888870217e+01
-8.423205367437373070e+01
1.189721701569456940e+02
3.683747405262033681e+02
2.047476169136102726e+02
-1.441403944089767464e+01
-9.735526125769453643e+01
2.632971555310732015e+00
-1.175651251553672338e+00
-5.915079187964294505e+01
-3.482844282320384082e+02
1.311568515590405752e+02
-3.434588009529359454e+01
-2.464397585673251001e+02
1.978351191959516768e+02
-3.131678134632197086e+01
6.675000454515014781e+01
1.669532177957208674e+01
9.141268573232714800e+01
-6.135193215661978172e-01
3.518136453390277296e+01
-1.657213274366725955e+02
2.432141158133593422e+02
-1.699836030165026841e+02
-1.470151506634961720e+02
-2.001051868273862056e+02
1.920975163400839278e+02
-3.279532693451669729e+02
4.064626221784238425e+01
1.685595515082191014e+02
-1.348905651745511705e+02
6.481175959826217081e+01
8.503556643802514259e+01
-1.101321366983453061e+02
1.978019827570491316e+02
1.536485121744916000e+02
-3.383724706098223578e+01
1.131095880985100166e-02
1.391014091304578137e+01
1.160096988929742139e+02
2.158701188829963868e+01
1.829628913665445111e+02
4.575382079327431484e+01
3.187095631797667750e+01
1.214443610649310585e+02
2.132913403688468890e+01
-2.933216844421891665e+02
9.791032292238988077e+00
-5.522028631150995182e+01
-7.457877447574121277e+01
1.486087815573927173e+02
-1.724444248813909724e+02
8.662702335940143428e+01
7.601218177729866454e+01
1.537416681188454959e+02
-4.332300473963641707e+01
2.649139329194604642e+01
-1.515074075360783183e+02
-6.154751997304225597e+01
-1.892194384649819199e+02
6.563916758706324117e+01
-7.705807613422476265e+01
1.544160463231011136e+02
3.355745122907889026e+02
1.968748185896654377e+02
-6.062496021282065328e+01
-2.327766717870261459e+01
2.019959060233803712e+02
-1.124175000597552980e+02
-1.684042451221426404e+02
-5.226579492928496506e+01
-1.223876828181400072e+02
-3.784836451386208722e+01
1.050616261727072356e+02
2.786812461351793218e+02
-6.582502922801342038e+01
1.055279653969636513e+02
2.427348815078602229e+01
6.213560411781162429e+01
-1.514353063318117449e+02
1.593507308147788137e+02
-1.293605674564513208e+02
2.657887195208472519e+01
-5.823829395076636217e+01
1.077603155117212168e+02
2.239796558024206519e+01
-2.034596357996905169e+01
1.924023520916796315e+01
-4.442328395668599228e+01
2.597732660506978846e+02
1.904569314492122203e+02
-3.813008294287935769e+02
-2.232180563285663411e+01
-1.341317392181817638e+02
2.788157726440133501e+02
-1.145769815615508946e+00
1.307548544508940722e+02
1.737879676419834709e+02
-1.551001960989961219e+02
-1.185381439313826206e+02
1.767070068766651900e+02
1.242414047266025534e+02
-1.354183594609360739e+02
-1.396025784004482375e+02
-8.800402349015330117e+01
7.440833057488562474e+01
-1.400687262786740348e+02
5.534049437465677812e+01
-2.683479208640736147e+02
3.333613430941252176e+00
-1.026140390097990291e+02
-2.636758948333100605e+01
-1.274870304145297837e+02
-1.893629704916791923e+01
-2.505694479644986927e+01
-1.197806228536705788e+02
3.240643665395847250e+00
-1.147270048989954887e+02
-1.987949196080338652e+02
1.307067819759708414e+02
-3.941697603574294817e+01
8.746441059401142581e+01
-2.956171105679097764e+02
-9.332903587156727099e+01
-3.001386771684747856e+01
1.898474981768324881e+02
3.334720744232699019e+01
2.575136561682371621e+02
-1.570580803371840943e+02
-1.707303203832560428e+02
-1.437774169029599989e+02
-1.477637096759560720e+01
6.585645300466062224e+00
-6.615263396752531833e+01
-4.730891091119153913e+01
-9.831002685939471064e+01
-6.649939967342504588e+01
1.541406930159945148e+02
6.380512303026658572e+01
-4.744466129821756084e+01
-1.411617396121782235e+02
-4.040958616086118127e+01
-3.730358030406267744e+01
-9.087646773550807211e+01
1.159699368048134858e+02
1.526305321327162403e+02
-6.519643679430675576e+00
-9.177807491945425511e+01
1.937741175468243071e+01
-1.853111581231433433e+02
-2.810283294662151476e+01
1.261985947650069306e+02
-8.472309125959689879e+00
1.745328503746393878e+01
-9.438719592426515703e+01
-1.396442715070671738e+02
-1.230402356798168171e+02
-8.364715562271774729e+01
-9.286219002231625552e+00
-4.218202462101110228e+01
4.949873094435618270e+01
5.848477225138270796e+01
-1.349026528668160267e+02
-1.241539062535210292e+02
2.513607696941125766e+02
-1.006410872974114028e+02
-1.240346635717295101e+02
9.999591787167028656e+01
-4.080356837874275300e+01
-1.114809311165696215e+02
-2.169004821614916807e+02
6.573420999993697933e+01
-7.172806872073121554e+01
9.679105421154665123e+01
-2.891421024229464933e+02
1.155454636836270907e+02
-5.263993196494042337e+01
2.231412483736428953e+01
-1.440253335170005755e+02
5.203485078965103128e+01
1.675929389552236870e+01
7.020184678745634699e+01
-9.538949150712548430e+01
1.679339862631243250e+02
1.896126459832486830e+02
1.664039742564634139e+02
1.513737353106662908e+01
-1.110606467502239241e+02
-3.426993750693518859e+00
4.389495624512295535e+01
3.292554413426325937e+02
-3.962015479714884947e+01
-5.409040699642049788e+01
7.497093209755962562e+01
1.365958672916908085e+02
1.064455564898132565e+02
4.118670019366847441e+02
-7.216623316247903119e+01
3.501505439422730319e+02
3.375427468993436264e+02
6.782748226879164122e+01
-1.321212584271789297e+02
-1.973604769539231540e+01
1.493094729688269808e+02
-1.332165273153117937e+02
1.602550523747048032e+02
6.359898855070792933e+01
8.971375992458303017e+01
1.735248993759806240e+02
6.720039361918225040e+01
-1.749911697015531900e+02
1.228156073786057334e+02
2.116690029702179459e+02
-1.143834199164397489e+02
-6.261449238303706011e+01
-3.553428471363379799e+02
2.433787965299634237e+01
1.965041857601784443e+02
-1.136365115649512774e+02
2.114138763223657520e+02
-9.342217412247435959e+01
9.767263902925009234e+01
6.687536752154517217e+01
-1.486300327992312873e+02
-5.494088303313161248e+01
4.258272637239078051e+01
1.101203082365905672e+01
1.944821752782824120e+01
6.782280068710642240e+01
-9.326254375026644539e+01
3.111259795857061761e+01
5.337771185005681218e+01
1.776968342276763906e+02
-4.648059198267929304e+01
-1.591607382463800491e+02
5.744680734724110494e+01
-4.982336205265180240e+01
2.546153104353439289e+02
-7.492991597763797529e+01
-7.547263257132216552e+01
1.657451129861390768e+02
-1.119067832470073043e+01
-1.244745559573996445e+02
6.008360086499637873e+02
-6.552238107629830210e+01
9.514223444504024485e+01
-2.376088029682796900e+02
-6.231173772266845390e+01
2.588062718997516072e+02
-1.397115795938369942e+01
2.063599773027180362e+01
-1.394632956982953687e+01
8.796334601173185774e+00
-5.993771161251815727e+01
-1.027884648245886012e+02
-1.001816023074990767e+02
4.919590220144967674e+01
7.318841445409016444e+01
4.074227564682232128e+00
2.623843398040777402e+02
-2.176417286791085814e+01
2.418223929046766330e+02
-2.697808146916903524e+02
-1.208947425467605825e+02
-1.009857799188109055e+02
-1.958446424656169143e+02
3.425939189951474759e+02
4.000338816945209430e+01
6.091473378933181948e+01
5.542554482772032998e+00
-3.854877873926467657e+01
1.061686178403717662e+02
-1.319861299229536939e+02
-4.067015721176153420e+02
2.039964347855765254e+02
2.396668891552031866e+01
1.094424823660128254e+02
-7.410454156470235887e+01
2.256836573340087568e+02
-7.786957582248246013e+01
1.404069796739370588e+02
3.069049592784969605e+02
1.971278956046742508e+02
-5.772011845197724256e-01
-2.677709903186270708e+02
-6.400436031237659051e+01
1.022855857523443035e+02
1.013769796421273242e+02
1.954418904750712613e+02
-1.448400872526997318e+02
-1.755032312821531093e+02
2.028694549719313045e+01
-1.012700892990309285e+02
2.096659045053388866e+02
9.019575026597081546e+00
1.714734804062634907e+02
-1.390733275376888116e+02
9.044968829566349200e+01
-1.687957412538302435e+02
-1.651319740463405026e+02
-4.011532125618059297e+01
-1.389984022360513336e+02
2.539703808009768409e+02
-1.388224112751069015e+02
1.786345380081104111e+02
-1.948798479102106569e+02
2.782851090199188775e+02
1.653570681708190477e+02
2.253452286002109020e+02
-1.425426405627520410e+02
-2.412903378417156830e+02
5.986737921288270314e+00
-2.953094926481198002e+01
2.264842069698607361e+02
7.612194056918994534e+01
4.296728472775008356e+01
7.031718992693690495e+01
4.259922558811193483e+01
-3.163307955864185033e+02
8.616153641311966283e+01
1.022286273954444482e+02
-4.051027990666061385e+01
-1.719061974688389967e+02
1.274607634090868942e+02
1.568516366285880679e+02
1.208688990051154093e+02
3.566127834099542042e+02
-1.115615461554635743e+02
3.208323495766615707e+01
4.700039187384388129e+01
1.285212302897623999e+02
7.743061022008267003e+01
6.654978555926629724e+01
-3.736056850830915010e+01
-2.650057575283738629e+02
1.860297648215899073e+02
6.956271373658097446e+01
6.416028979596137560e+01
4.523430258289599237e+01
-1.012263765020470601e+02
-1.183959125033857163e+01
-7.948453337388028217e+01
-1.505393881720458751e+02
-3.010202563145307977e+02
2.472517478798401669e+00
2.048427490264591881e+02
-1.796215555312772096e+02
1.055374263750832853e+02
-2.085465260645865442e+02
8.409440386968526582e+01
1.852389057964325616e+02
2.182631566366144682e+02
6.599565493671703109e+01
1.531622638749396970e+02
2.797484766602967738e+02
-9.825661387180809925e+01
1.582778046479079990e+02
-2.828005684145749683e+02
1.727628139884920984e+02
2.113431413083158077e+02
1.838873446713952262e+02
2.537584989414895631e+02
-1.908922988611879248e+02
9.341572894088736234e+01
-2.225229835088449022e+02
2.415477921535565997e+02
1.746519741275816671e+02
-1.550729909885452855e+02
2.395826104721944461e+00
1.871174806499732597e+02
-8.725207466110862242e+01
-1.537925115565511476e+02
-8.284563548021745305e+01
1.098374083899710030e+02
-1.720235229864133544e+02
7.110929608437810145e+01
3.672911497956920357e+01
8.998501580879015194e+01
3.747998726884432017e+02
1.153778841075081232e+02
2.022863007290901010e+02
-1.665800188062071925e+02
5.060205251299993989e+00
4.515391987855181810e-01
2.482544964552985078e+01
-6.070291649989989935e+00
2.489383507134521665e+02
1.509955464724211538e+02
1.849337136873488419e+02
-4.284316723218250189e+01
-1.032075531199566569e+02
4.984094319534171547e+01
-1.319113929566703973e+02
-3.255147783371472059e+01
2.471048726388854107e+02
-7.908110337140450952e+01
2.000362979630778071e+01
1.317361141251080596e+02
4.529710578769087448e+01
-9.582560575636281897e+01
-2.288759445687692562e+02
1.872130476551843685e+02
-2.278171524952711025e+01
5.035890198574489318e+01
2.533268232687510846e+01
-2.751543633416614298e+01
-1.641629769774336864e+02
3.794117190708497844e+01
5.043106567037467869e+01
4.691655010762138289e+01
1.139796387029733467e+02
8.894525515943797700e+01
-2.908207512356425468e+02
-9.383389893006066984e+01
-2.832994452339996201e+02
1.171312409839535889e+02
4.011933249233007359e+01
1.544300676071851512e+02
3.303548267068566702e+01
-2.302359488725813037e+02
1.260682616081749643e+02
2.051322799743953169e+02
-1.034074401682691189e+02
-2.197987664563933663e+01
-9.363164623752443561e+01
1.105879879104101491e+02
2.243204051187815651e+02
2.027766481427140661e+02
8.599016953528455076e+01
2.285071435215819236e+02
6.401754075269178657e+01
-4.745594247980110936e+01
1.161678791727197506e+02
-8.130629845274751233e+01
-4.680440190640086939e+01
-7.747987659182552989e+01
1.842018093701752832e+02
-2.004622160403797864e+02
-3.868036468714361718e+02
4.050419638879480999e+01
5.569592000569798529e+01
6.749882436579494538e+01
7.649928939281487317e-01
2.321776356536244066e+02
-1.536699064044262855e+02
-1.687480302719142458e+02
1.632575544652451640e+02
4.088193919668977827e+01
-1.619030852559225195e+02
3.021694020166868881e+02
3.134794852277486825e+02
-6.896061480319008297e+01
-1.604721024749348715e+02
-7.340534332675289875e+01
-2.958614996890195670e+01
2.292364977329604585e+02
3.491687870193434406e+01
1.027989267966063380e+02
9.132437141200855990e+01
-9.265359113964250071e+01
2.062046728321637090e+01
1.670875738404571962e+02
2.308483634464884915e+01
-2.823844680381042735e+02
-6.001531169647435604e+01
-1.491548986941184296e+02
-3.268708449100155349e+02
8.611619640282376054e+01
1.577798152962029121e+02
4.484547655450112558e+01
1.275946198318425218e+02
-1.481569591143236266e+02
4.669428014124115975e+02
-4.106915163949537373e+02
4.993578832729505734e+01
2.811550487303971977e+02
1.070364991660795511e+02
-2.690110473772442674e+02
1.427910069645273268e+02
5.933674663403163407e+01
-1.528462192155221544e+02
-1.182113364049218802e+02
7.428514192039736486e+01
2.202806176284325375e+02
-2.380089936222239899e+01
7.653109588323981427e+01
-3.671719906599161476e+01
1.006466995924613173e+02
-5.113154648392071522e+01
1.618587729688765364e+01
-9.221383374330753213e+01
-3.276118188276359433e+01
2.884609553666402704e+01
1.415347429066975167e+02
-3.297450585856747551e+01
-3.629947115862603368e+01
-1.792893360151778026e+01
-1.985110037585159262e+02
-1.400640703416650723e+01
-5.114697683557811558e+01
-6.775614326759635730e+01
2.794268516788670809e+01
-1.715042968672359223e+02
6.682020306740128035e+00
-1.245168209404647826e+02
7.655335281285229598e+01
1.718730508296425796e+02
1.008408197052280464e+01
-2.935169000803344197e+00
1.893091857327339085e+02
-1.210796971015994075e+02
1.321640942993639101e+02
2.432875729030440652e+02
2.425642314612686334e+01
-2.135398557990174595e+02
-1.005002240917389145e+01
9.742235466888165263e+01
1.218475680820446030e+02
1.459883212343926573e+01
3.977929379246793928e+01
-1.639783757809342433e+02
-6.664599100030905277e+01
1.959663134971887644e+02
