-6.147828118946602194e-01
1.805408575302440477e+00
3.681980854499436462e-02
2.988708903595147515e-01
1.136625760915081607e+00
4.520932384055614817e-01
-1.622336442390747424e-01
-1.252174795882551539e+00
2.688220934657380989e-01
1.074150848582646756e+00
-1.431169431276949844e+00
-8.455553271761770961e-01
-3.344521509169490203e-01
8.379486503240155537e-01
1.187757646566798941e+00
-1.151913981839090217e+00
-2.538829156708939938e-01
1.836192545529177877e+00
1.557354957112071059e+00
-7.266068714967679476e-01
7.034456049825176249e-01
-3.365265708479278639e-01
-1.132970134644305293e+00
-9.079137312393541492e-01
-7.321825588523067641e-01
1.899348207065284067e+00
6.686805005581916705e-02
-3.143142430601230664e-01
8.473221314641321555e-01
-5.016129647145463055e-01
1.410597956311121948e+00
-1.984230768845976600e+00
9.813938684860517014e-01
2.038854922133018110e+00
3.038661327102301080e-01
2.170412143467902455e-01
5.288160750719341774e-01
-7.684533920650653549e-01
-9.617180880963835943e-01
3.848098156660857416e-01
-2.573617980050977749e+00
-2.168796877247392285e-01
9.228009144083881843e-01
-3.392911916483659640e-01
-7.536411173531876173e-01
9.735055851793260606e-01
-1.386979698522603499e+00
3.702296387978670222e-01
-1.066935162617252519e+00
8.320850775312707004e-01
9.322454366116444957e-01
-1.133417403826291858e+00
-2.357782720130984222e-01
-1.017750128255444919e-01
-1.248742569829541793e-02
1.212677291509126176e+00
1.174171186426980817e+00
3.734109996324012082e-01
-9.248054214656138416e-01
-3.259253081553505904e-01
1.352502428940320467e+00
7.134518924551562780e-01
-7.689405036579248787e-01
-2.061643050140871125e-02
-5.065449310769271074e-01
-1.292742880016688189e-01
1.840846291038389815e+00
8.087306302810515213e-01
-7.929906351845987800e-01
2.090508015119411644e-01
-3.567890765060906522e-01
1.838762833041734379e-01
-1.002385072023011414e+00
7.065764970217743857e-01
3.953753034425775970e-01
-1.795782248477598153e-02
6.792942256327592077e-01
8.805399629216144053e-01
2.590480746644518106e+00
-2.393856642159525316e-01
2.584523261055459153e-01
-1.176944725242188960e+00
-7.776755309492793256e-01
-1.432935512772267606e+00
1.091132122105382463e+00
7.389743636791372694e-01
4.519754024152399241e-01
-3.231196221620152853e-02
-1.373439150102749196e+00
-2.003212140064082991e+00
2.013900977815089310e-01
-1.214199975278236421e+00
5.788290606436479191e-01
7.147667112328077721e-01
-7.034853633050532906e-01
1.037961348688631213e+00
-9.234386585640197431e-01
2.196177642014873754e+00
-1.947391329095661261e+00
-1.140834750307701206e+00
-1.170985118882142073e+00
-8.558184808942150834e-01
-5.035580962588943610e-01
-2.100765054763154005e+00
2.499661090943456898e-01
6.687667786977397055e-01
-4.855815105391980135e-01
-3.616499531472948115e-01
6.197171814303625847e-01
-2.010440171521986896e-01
5.385643846437168092e-01
-8.837395248348312027e-01
1.360807702439980282e+00
6.234663816939925995e-01
-1.067726169649392709e+00
-9.977150323187573555e-01
-9.808279245579003547e-01
1.969828593904013658e+00
6.227739668293898190e-02
2.343351755566476236e-01
-9.568713444039235183e-01
2.158255492992116054e+00
-7.787920166977322367e-01
1.056607471545853327e+00
-2.882620814812992260e-01
6.925401727067787006e-01
-2.620172156866673041e-01
-1.806123279354333810e+00
4.960988727332084069e-01
1.306315206816572427e+00
1.312191080986627734e-01
2.729361997038319831e-01
-4.137328638134924463e-01
8.592373291214350228e-02
-4.126296408320345166e-01
-4.794074484349613030e-01
-1.034059972783938797e+00
-1.812357483272108161e-01
-3.430366406823758263e-01
2.588608892070294321e-01
-1.428818380796952059e-01
-8.420515808495474541e-01
1.015210707004335688e+00
3.548727711728974832e+00
1.006096050326466429e+00
-1.146907343066749352e+00
4.580610422258932779e-01
-5.683863942043168027e-01
1.105377935469737283e+00
-8.033843075793605237e-01
2.529365876328243945e-01
1.488959982758790712e+00
-8.947283250289347900e-02
7.884312813730469660e-01
4.384409281649129242e-01
1.000575198048326425e-01
-1.709625506891644608e+00
-8.191453587324482033e-01
-1.057414802203013038e-01
-4.733176479234270650e-01
1.070931536773700898e+00
9.914726115338192702e-01
1.376541392767254735e+00
-3.048825067039415693e-01
1.790162875426696942e+00
4.159509971652275984e-01
-5.200018337862877260e-02
1.444673830972124651e-01
6.850130607752777934e-01
1.005736614085815245e-01
-1.788584777749558485e+00
6.908792111494678201e-01
9.516284670585452021e-01
1.242045766289216591e+00
4.377370669280308824e-01
-8.940082132768213397e-01
-1.350279488142080431e-01
-4.079842344081592853e-01
8.772662808609366092e-01
1.437357516797963752e+00
2.935756685693831636e-01
-9.785949512410714313e-01
-8.314862913944938150e-01
-3.254981185911739239e+00
-1.999521136012374911e-01
1.557035232244341483e+00
-4.980664732149808760e-01
-9.261819811529217739e-02
-1.105461384009844394e+00
-7.194768122908739016e-01
-8.207248193072211873e-01
3.652127877857659632e-02
6.019376755868316442e-01
1.285823729105429081e+00
-1.090276529925078286e+00
-2.359988543623346702e-01
2.174981184299192849e-01
-1.247138103735895287e+00
-2.247058459671281927e+00
-9.333845970333308761e-01
1.738310347598672201e-01
-8.000074573289479574e-01
2.121399475321066874e-01
8.213923255896290465e-01
1.897048223417834301e+00
-4.668997380387313045e-01
-1.210426142951810391e+00
-1.468076248520501892e+00
-3.017394827181905104e-01
-1.181909351642481898e+00
5.997461161599044743e-01
-1.076814947299632674e+00
8.320532428960085713e-01
-1.078164395942156767e-01
1.026511199196696034e-01
-3.006826195500153509e-02
9.075157513106681950e-01
7.011159074251670509e-01
-1.502583028040497481e+00
-1.034812051817259659e+00
2.012714546088687495e-01
-5.951187246003071252e-01
2.600595318580603554e-02
7.547529900506403377e-01
5.641537079051218706e-01
2.471275449375474054e-01
-9.135275311803009446e-01
9.884685461771169912e-01
9.491154090963607182e-01
5.802854108318865611e-01
-1.020482686624994750e+00
8.357639709216554413e-01
9.802672651098034429e-01
2.449116842133355065e-01
-1.995578994757654101e-01
-1.098908333950413763e+00
-1.597307276489212113e-01
-9.030322911740787939e-01
-4.715401005978482885e-01
-8.276563013973778915e-01
1.710808255126767263e-01
-4.237075865884602499e-01
2.598993698419993503e-01
-6.681891146105517487e-01
-4.425697407344039158e-01
6.456922996337668419e-01
1.783587064382424536e+00
-4.848419621008394631e-01
6.888677960143696488e-01
4.329900332954634279e-01
4.755740375179897672e-01
5.775140999693451765e-02
5.909121745176113549e-01
1.201874922824370362e+00
1.273254232366453076e+00
1.190733172316235100e-01
-1.598419771421514923e+00
-2.461134390844403608e-01
1.488471150652183717e+00
-2.152002860048757515e+00
5.803906869406092461e-01
-1.397108396422747645e-01
5.307970841168814236e-01
-4.536700090137690267e-01
1.500969479893749625e+00
-2.466891877338214523e-01
1.373732483291213002e+00
-1.599431973009076691e-01
2.423756130167912803e-01
2.730236781540889557e-01
1.308664983801172577e+00
2.786027319607824460e-01
-2.115221354948570998e-03
8.781699158589929555e-01
4.170941570068830151e-01
-5.022269079055950991e-01
8.343684017446300061e-01
1.144682095181631443e+00
-3.209204305570242388e-01
4.055397100260667298e-02
1.222272785858652400e+00
-8.695207638121779103e-01
-2.017459960837260091e+00
1.190485335885958784e-01
7.948725120580097947e-01
5.521588906057363078e-01
5.243158496576063587e-01
-9.262428239211936143e-01
6.252720788237472460e-01
-1.353686881984892176e+00
-4.662409080356358926e-01
1.312545900054375325e+00
7.309303378215228353e-01
-2.270990119838633137e-01
-9.107870603326551073e-01
8.011068308004263283e-01
1.353972611230988443e+00
-5.044130265297203097e-01
-3.644627107161770851e-01
2.408313686918626961e-02
1.819746377687449235e-01
6.018063653776135613e-01
8.255320322161308066e-01
-6.937511087362882023e-01
2.084334605584479583e+00
-5.140985385716098088e-01
-9.848262280186770301e-01
-2.755128439314010191e-01
5.023780774191158871e-01
6.241543506008609965e-01
1.408517336862277647e+00
1.811085503958247411e+00
7.601981709396845588e-01
-4.233158139417130261e-01
-1.081834744444745700e-02
5.365611587112585346e-01
6.273737687374630889e-01
-1.081092506764104844e+00
-8.753979156966451569e-01
-2.565791778364131748e+00
8.621555003820157159e-01
-7.020580197730413863e-02
4.252279696261723752e-01
-4.773264683809284037e-01
6.597690314332422812e-01
9.704047839724965208e-01
-2.966498370162768961e-01
2.650055907936877536e-02
2.464702719276429949e-02
4.236108164225572958e-02
1.479006041819622475e+00
1.251799622116346322e+00
-1.749654330457546481e+00
-4.084995965180566735e-01
2.112237900982137262e+00
-5.237643056867158364e-01
-1.582408349403487069e+00
-1.049488676062033887e+00
5.837292323278471251e-01
-2.090732427786991254e-01
-3.686776160055145191e-01
-2.131715110012573522e+00
-1.515465428447532403e+00
3.728446085906956808e-01
3.770143224074368193e-01
1.529209171352082786e+00
1.228352582107834046e+00
-7.031147070584523040e-02
2.245769116612391869e+00
-7.683533634363499676e-01
-2.737754392935364267e-01
-1.459621900896061808e+00
7.844632208291029141e-01
1.095033345109716727e+00
6.831668851642964668e-01
-1.554949258032714443e+00
9.971588216760146617e-02
-3.519327909780103347e-01
7.938266082566800552e-01
-6.797478822241750374e-01
4.504384883664479533e-01
3.785231868720279613e-01
9.375250419018605896e-01
7.382458749112970064e-01
-1.199078780674176781e-01
-7.773287127155474874e-01
-5.268762077097807195e-01
-4.459804589724806201e-01
-9.830840748304793264e-01
-1.386587914562032786e+00
2.963201502060177184e+00
-2.088422420156180181e-03
1.091269065761365287e+00
2.139573768611032212e-01
-2.994887414622722233e-01
-1.188217384925593034e+00
-1.629114150063926403e-01
-5.244725908365371891e-02
1.748986106565564302e-02
5.068686148511798439e-01
2.721279695450301572e-03
-9.585501014486441651e-01
1.525787392131072173e-01
-1.033577188539465341e+00
3.650354965218176595e-01
5.803617540630741090e-01
7.400062151273738564e-01
-3.631995770966248704e-01
-1.545222745253641117e+00
-1.478143201783109761e-01
1.221248328487789303e+00
-3.393527233507764307e-01
1.246003420910916315e+00
1.177782264703098880e+00
-1.371096842603851673e+00
-5.641331599753509618e-01
-1.329755356636238339e+00
-9.043112780377871029e-01
-1.706964263290942918e-01
8.575867365060825254e-01
1.697901325727741551e+00
-1.206357543453951076e+00
5.501129497793556533e-01
-2.890074315513136316e+00
9.303564373445933899e-01
-4.309131437615408844e-01
-1.576249448068895331e+00
-1.661519346393875440e-01
1.736831804173139648e+00
-4.913011693287777648e-01
3.380685447881088268e-01
4.140391589059999045e-01
-4.724621166351951618e-01
-6.723076616121287374e-01
1.724150799622836128e-01
-1.106923392290060926e-01
-8.397828290686597530e-01
8.584896531428157229e-02
1.416638513034931268e+00
8.081300440186707235e-01
1.332322907484802199e+00
-1.037159156880886890e+00
-2.750573655795627737e+00
1.094587176792253702e+00
-1.191891871147860549e+00
-1.370714020701370828e+00
1.463124013726663897e+00
1.504244495862312458e-01
2.607652446873171215e+00
-6.649645672070452207e-01
-1.347237255211095164e+00
1.493995172681734651e-01
7.062345530998409560e-01
8.032437578062197048e-01
3.307344329972387587e-01
9.810909754011119810e-02
-1.129184927369035751e+00
-1.146684650665830585e+00
-3.620847745616623259e-02
-4.358176330387009134e-02
-5.016533585148099661e-01
1.170437841809821577e+00
1.459290226214044139e+00
4.378739823041261636e-01
-5.409742433240790627e-01
-1.052200413683899605e+00
-7.721783986072748573e-02
-1.308842478875554161e+00
2.349686674104288497e-02
-1.074791586357148471e-01
-3.234731891076310095e-01
-6.960880650477763165e-01
-3.212183631294089903e-01
-1.486625205869227528e-01
-3.454507249068318187e-01
-1.445362718583728667e-01
-1.195474928320423014e-01
1.432381071222569302e+00
-1.688476079378886441e+00
2.420840596728386362e+00
1.548367231457470128e+00
2.677242523704611799e+00
8.938580738248957935e-01
6.148751105756722346e-01
-3.152998421366464576e+00
1.463278935084625365e+00
-8.474973092651298945e-01
1.164121452397359535e+00
9.816330196343203696e-01
-1.810981008976042084e+00
5.043827431531615613e-01
-1.589294342804600912e+00
9.456308277276960217e-01
7.208468893224576624e-01
2.034497790873899703e+00
-1.503361176666874410e+00
3.617502947939298386e-01
1.533126184268897685e+00
7.100237910657106744e-01
-1.239682485477745288e+00
-9.181942027625087377e-01
6.057431265528510078e-01
7.885349767809703980e-01
-1.064853297655150799e+00
-1.032556305797198037e+00
-1.630659713198093774e-01
1.572926180404509822e+00
5.180479706179912380e-01
-1.445213490633026510e+00
-7.694017147200509221e-01
-7.580747634797064816e-01
-3.196184259156304996e-01
5.489862346571416918e-01
-6.723169054967627067e-01
2.463647329372439021e+00
-4.811821037597922013e-01
4.491989635043243112e-01
6.512215350686472171e-01
6.952680161642859069e-01
2.397226612000479262e-01
9.001890353201987827e-01
-5.190819697380104347e-03
3.051190940607955149e-01
-7.885846889941193760e-01
9.437184972267071981e-01
1.002467799776801227e+00
-7.964265375659881907e-02
1.141825692239754719e+00
1.183098065776844732e-01
-1.020237018520746997e+00
8.870876083108383270e-01
1.484525604355869444e+00
-1.374599139708752249e+00
1.072594628661032168e+00
1.560802326258771133e-01
-1.657901058773501690e+00
5.157066375071848174e-01
-1.202114052963712432e+00
6.135432249535323068e-01
1.712028345532438323e+00
7.504023164042419314e-01
-2.159490287819612497e+00
-2.745082013401746734e-01
-2.886410343203256179e-01
-2.553189849346273466e-01
-2.111059483144722471e+00
1.229217505160825175e+00
1.314517876454960987e+00
1.914211353419916772e-01
9.613432908926501652e-02
-8.832113583075973384e-01
7.385363484047802185e-01
-1.101874172110290040e+00
9.001043874258052302e-01
1.964358736071431633e+00
8.383964371120202763e-01
1.074742249019251805e-01
-1.068294041018039042e+00
1.336792661140054461e+00
7.712317755575529565e-01
1.638102047770584324e+00
-1.202242754664771596e+00
-4.680458072712907480e-01
-1.463735826539181106e+00
-9.533781814080926065e-01
5.882705662498755039e-01
4.812239858791886871e-01
-6.829038852331683618e-01
5.687865945196477480e-01
-1.024611558011219170e+00
6.364315259414499160e-01
5.536763108129998390e-01
-1.440412073524467429e-01
4.179688626744582775e-02
4.973098717833825955e-01
1.071496230847178710e+00
-1.296596938729946080e+00
-1.657187054669913673e+00
-3.526332809058045914e-01
9.098489984109202344e-02
4.105087875611146964e-01
1.345716537629967346e+00
-1.072584868619729903e+00
3.178864611888719827e-01
1.788484499539258199e-01
-3.927048364396760194e-01
-1.576779647237211979e-01
-5.397058907891595370e-01
1.077475205280682857e+00
-1.262958306242810413e-03
-7.740426625361366275e-01
1.031683527787921884e-01
4.901856689371086317e-01
-7.898831092184122049e-01
-2.049721607635111909e+00
-5.174869670164299329e-01
-2.925106097426591334e-02
1.602837526299385473e-01
-4.866601040070289153e-01
-3.959733833153583626e-02
8.669489443438482823e-02
-5.669349055160245454e-01
-9.762357898479249174e-01
4.421133157710220862e-01
-3.618954120289307186e-01
1.053365846055510924e-01
-3.239112222052593637e-01
2.614534292473519317e-01
8.792051503156655956e-01
4.347548751388492505e-01
-3.696328836825407693e-01
-5.864483498929595751e-01
-1.559516583721717309e+00
-4.262263186604903220e-01
-7.932936488442648981e-01
1.262194482836124454e+00
9.516540068160767030e-02
-5.299085717604435919e-01
1.618026784380538041e+00
1.732793960908069808e+00
-7.935615880216707607e-01
-1.509019057444253686e+00
-1.598705622508103663e-01
-9.388464592874561365e-01
5.797274158266587651e-01
-1.949799984368685069e+00
2.725444677272744198e-01
-2.147672650750328316e+00
2.442169394007062344e+00
1.900878411795919654e+00
2.748095473645651987e-01
6.598376581501236293e-01
-1.827089981533024377e-01
5.377212454674186182e-01
1.540292381371886898e-01
8.047201257591727330e-01
-5.060760849973263698e-01
7.293031388376574053e-01
1.293222851721411493e+00
-3.813844251249562944e-01
-1.601315916323737376e+00
7.769115528194573406e-01
9.149144055135940423e-01
-7.454456710776022899e-01
2.966497391891251278e-02
1.623700819544864338e+00
-1.805747740413182978e+00
-5.727067506586634993e-01
-4.221338657994514465e-01
-5.103685648389987700e-02
-6.955010087877937508e-01
-1.420443489246019819e+00
-1.037737057389519935e+00
3.573977626493399784e-01
-1.192334282085691921e+00
-2.572872961528430147e-02
-3.667456431370598180e-01
7.616391068256211927e-01
-2.191051986046552713e+00
1.012881695107213931e+00
2.702533902106715180e-01
-1.333649782414342733e+00
1.118195380130327266e+00
-7.259679292933994832e-01
2.884054165359935529e-01
-8.844532094610547679e-01
6.272993999054077285e-01
-2.972602146787237110e-01
1.004592678921466753e+00
1.153810188383322721e+00
9.342500239926873618e-02
2.874498128646149064e-01
-3.875593973825557370e-01
5.340503860040614337e-02
-6.426029134510801155e-01
-4.632715079212278431e-01
-1.457037578114741272e-01
-1.215830204404904524e+00
-9.394564527878321858e-01
2.501804993042512915e-01
-5.208605691263701321e-01
2.471065768719328815e-01
2.550476290885093644e-01
-3.415058908753181299e-01
-1.817755684650757653e+00
5.777595808602786764e-01
1.913681865039899677e+00
1.082734354734227189e+00
-2.711705287785988183e-01
-1.070952117347871768e+00
9.496516785812523231e-01
-6.479992729555695830e-01
1.040717494795647680e-01
-6.498819473032817484e-01
1.159100661815709310e-01
8.364394230304542655e-01
-6.183441109516417677e-01
-9.555283503823475133e-01
8.506847082177200203e-01
1.691986216808112342e-01
1.739397474110068731e-01
-2.701541913636351100e-01
-2.203786072734285284e+00
4.129723996417895004e-01
-9.767459411270065228e-01
4.717199425972938287e-01
1.597616302245856268e+00
6.934732790226867671e-02
3.766608946190751483e-01
-4.478111144230630392e-01
-1.208484054695221577e+00
-6.328219086589527143e-01
-1.422140765826190645e+00
3.393909407288714930e-01
6.236547744558429418e-01
-8.046642280991535001e-01
1.084119128791161346e+00
3.261761839632464077e-02
6.997466007984867176e-01
-9.809472140710835397e-01
-1.059373376787533516e+00
3.994033938320332155e-02
8.070463269069731993e-01
-8.767299459979667198e-01
-2.127716054749894781e+00
1.113810114762800729e-01
1.220738715323453627e-01
-1.893475346690487726e-01
-1.067656126178134990e+00
6.576174654454378099e-02
4.556819081120745407e-01
1.391023504895293916e+00
-1.310128576598496242e+00
-9.246944954960664154e-01
-8.159723987944654811e-01
5.153858965268745540e-02
-3.858227043510997767e-02
-6.275449359896768664e-01
-6.832750567164250777e-01
-5.414291057532958362e-01
4.590914123503413435e-01
1.545743978637988070e+00
7.225034054182774557e-02
-1.859798867192508087e-03
-1.743851341568434798e-01
1.039660333917745039e+00
4.803418378764228169e-01
5.152854967892737115e-01
-3.995443568647921717e-02
-1.135443060222919964e+00
1.472359710093873453e+00
-1.774202987679609933e+00
-5.069103205878948692e-01
-1.203007160893301730e+00
6.287414397007718980e-01
-1.017169136353582859e+00
1.392243449207968498e+00
2.247409341732084176e+00
-4.685576334821496824e-01
-6.422175571719827003e-01
-7.047649090445299302e-01
-7.894323960398732520e-01
-1.503815840439404639e+00
-1.340118864999586545e+00
3.883189454055755441e-01
-2.049209603806485536e+00
1.022624399104677284e+00
1.001611017478915233e+00
1.650976784164115974e-01
1.136767078112308926e+00
-1.505404073789228914e+00
-4.826193021481973711e-01
3.538598354288511327e-01
1.295099166159594306e+00
-2.935410132619263313e-01
1.401274296899377159e-01
5.622779495201950528e-01
1.474743845110789930e+00
7.089018854675970260e-01
-3.734334841962955176e-02
5.337690836441684461e-02
-4.153271246121072457e-01
-9.626628408389492630e-01
-1.890525169837731889e+00
1.049816960065371729e+00
3.523410706869241626e-01
1.134428725127667459e+00
-1.463871999068411700e+00
5.056905719549570355e-01
3.273244387067595351e-01
-1.110564124862986279e+00
-2.330545413012684808e+00
1.678839789004479943e+00
-9.551459747064604544e-01
-1.885760766278884670e+00
-9.323690768937480389e-01
-1.200287973954564880e+00
-1.500350974251635217e-01
-4.454375720754653045e-01
-1.421947750827721180e+00
1.181872133476506104e+00
9.923903944269820698e-01
-9.434756526145464672e-01
5.698525103601439490e-01
-2.809847486874740286e-01
-1.721962431345595235e+00
1.148836238787030312e-01
-2.288644676763873065e+00
7.178443008905179834e-01
-3.549881125131353760e-02
9.166189496402890047e-01
5.996302783504324774e-01
-1.163916330608289584e+00
4.702647192332077286e-01
-5.858248649579296252e-01
-3.160169504579589117e-01
8.685870180792003570e-01
-1.086558000289159276e+00
1.165411533919522791e+00
8.615851459768396614e-01
-1.808286955734269341e+00
8.374435045286890977e-01
1.173759939192358104e+00
2.670493496518371312e-01
1.833566846856561072e-01
-9.568857120815690842e-02
-1.113457787113274700e+00
-1.489544914737955250e-01
-1.355606464771800690e+00
8.645631736055597871e-01
-8.607309573489214660e-01
-6.600723510449560405e-02
2.032955484883404385e+00
2.327859948763377207e-01
-1.367317655196644388e+00
-1.561779613118909227e+00
-1.292921525118201354e+00
-5.654308876561178199e-01
1.899139751098681272e-01
8.251364039213664459e-01
-2.700548910436312289e-02
4.836104989952464406e-01
6.585812999276937640e-01
3.413563556533939281e+00
2.186894698579960661e+00
-3.782274279006719864e-01
-8.603819309137201721e-01
5.407226437688872345e-01
8.768177507179892860e-01
-1.227241914721479477e+00
1.159345723913287385e+00
-7.661279338500204261e-01
5.121838055304798187e-01
3.719144879244883350e-01
-1.160923344622782905e-03
-1.070174952994123352e+00
9.083129828867408939e-01
-1.847753374587259634e+00
-6.279508152593437087e-01
-2.138820394265490421e-01
-3.306073116339222628e-01
4.132809191410156124e-01
7.317290740969146778e-01
-8.774538717584351444e-02
-4.603329946159601116e-02
-1.739641983412344883e+00
-2.808933466178791694e+00
1.036805313920664995e+00
4.487465116819930877e-01
5.317021007779940689e-01
5.318457833340310970e-01
-1.252615716179162675e+00
8.328108434891046130e-02
4.003475161057669096e-01
-1.813333195259592800e+00
7.896031339379924185e-01
-6.902043812560618719e-01
-7.658741173235190658e-01
5.252583604438981757e-01
-1.242361422330622522e+00
-1.606765976696034603e-01
-9.169318428453929748e-01
-8.340562903715209586e-03
-1.053752845424546170e+00
1.787354442241145147e+00
2.331093990833883467e-01
6.742788479190989781e-01
-3.706986287658700641e-02
1.272690458032358807e+00
-6.249905995208974163e-01
-1.127738996990462539e+00
-1.103206624802946401e+00
-2.687909187227126573e-01
2.221396196508157228e+00
-1.683758116151299333e-01
7.812318274949864305e-02
-8.337094633883582184e-02
-8.832349040080015312e-01
-5.335679475855924503e-01
-1.363919244545745424e-01
-1.614559733939616493e+00
6.020915851429935878e-02
4.655919262276205228e-01
-1.445846359452913177e+00
8.976985143056259719e-01
-3.112489123760153742e-01
4.028481535848479345e-01
2.319322278186912722e-01
3.635603368349862863e-02
-6.839010201287683000e-01
-2.967227067902268312e-01
-3.355311417108164940e-01
1.937109998473415473e+00
-3.036451976607358952e-02
-2.682240917099937283e-01
1.253330575965737048e-01
4.286550408512395105e-01
1.155215734415776740e+00
2.395656949440737871e-01
-2.484518588281136253e+00
-1.354288627480646046e+00
1.818355984026173711e-01
-1.203551520969122990e+00
4.053356856448880885e-02
2.176879427680849410e+00
3.423701147241672293e-01
-2.887780128360556642e+00
2.031326979501867358e-01
-1.929183215864632359e-02
2.838113546968298873e-01
-1.194471227509308564e+00
-9.721988949806354974e-01
5.080300400219543988e-01
-1.602073880866176747e+00
9.519451432500122268e-01
-3.273831812400086472e-01
2.526438728387254695e-01
-7.336650022129270754e-02
-1.994090778471616199e+00
-5.289714469400254027e-01
1.132457021346681358e+00
1.741440577840344672e-01
-1.132463486394078844e-01
8.832333001939309813e-01
6.694836974150097930e-01
-5.303073350427912613e-01
1.677762546139794475e+00
-5.446733027590037191e-01
-1.044113964703165642e+00
-4.180703076082038505e-01
2.224095135490053998e-01
8.688863665813258974e-01
1.871309723877402631e-02
6.566908084878683716e-02
-7.355331891003396017e-01
6.256622116679683154e-01
1.696644351407752715e+00
6.845622497486937297e-01
1.829121945809998540e+00
-1.911578773282956556e+00
-6.863154931846884299e-01
3.888508055469144797e-01
-4.343843294303396108e-01
4.841085032441840852e-01
6.047930666223252372e-01
-1.536846541670030319e+00
-6.507185496997053287e-01
-7.800548070426159830e-01
-6.118533167679427454e-01
-1.447367542921173200e+00
-3.264365368089205965e-02
2.795533032387313432e-01
3.670159235292013156e-01
-1.242152899381730041e-01
1.824135204747841521e-01
-1.690182936693882088e+00
-3.666527971565912702e-01
-3.521220634979804753e-01
4.640736397649843914e-01
-1.457437595249505835e-01
9.964438040469753011e-02
-8.726393352514993929e-01
-1.059109082848459060e+00
-5.240594118199876084e-01
6.262878154704872857e-01
-8.225864776357719732e-01
1.006924849227860186e+00
1.592064484102543087e+00
-3.867625697346053215e-01
-9.010587254773797516e-01
8.922676918138375268e-02
1.668828840065289310e+00
-2.291318854491077306e-01
5.277964652721458538e-01
-7.175883234491984286e-01
-1.325072790975852621e+00
-1.698310553716749771e-01
-1.486227064314571189e+00
-1.238682634155003071e-01
1.639861328303626298e+00
-2.114173945600032578e+00
-1.273355117626392641e+00
3.751760799073811103e-01
-2.415743621007477582e-01
-1.208024950464371194e+00
1.403673285660202996e-01
1.020305024100470526e+00
-2.288047433395980157e+00
3.270177101069050796e+00
-8.306987953195038576e-01
3.925606293540044311e-01
-5.487127135608399486e-01
2.302736688954968525e+00
-2.239597597173145216e-01
-9.512517122975324702e-01
-8.958758564023907578e-01
4.481105842688040131e-01
6.079672225803971486e-01
-9.378969288321594711e-01
2.999678453573115244e-01
1.455650134573830412e+00
2.692565247846523957e-01
2.517365847463274298e-01
1.544826039313609733e+00
-3.183830897966177798e-01
6.795728304238827233e-01
-1.306358177245021013e+00
5.590685903903243326e-02
-2.710161780342803972e+00
4.792837718754620058e-01
1.534317826762674475e-01
-3.341960179068735881e-01
-9.866997336387151041e-01
2.162514676338637143e-01
2.417786691439622881e-01
8.303126413757752067e-01
-4.830107511449928115e-01
-1.738497392571936029e+00
-1.033481830158068382e+00
6.923921250680065143e-01
-2.775093110223902926e+00
8.090593316749938868e-02
-4.464976243376161391e-01
-9.015654279287731443e-01
-1.864203349590732195e+00
-7.625896521359836200e-01
-4.073739478351222632e-01
-8.343729608243728724e-02
6.808449849801662124e-01
-4.322495062808333066e-01
-3.825203664183102203e-02
1.919341920624873521e-01
2.128532163230695273e-02
4.808227070559055183e-01
-1.388613142072902651e+00
7.789608521105988448e-01
-1.938331446446007189e-01
-7.728853477082038292e-01
-7.024296656472326372e-01
3.024266040940614131e-01
5.069567807715631425e-01
-3.304249302863163651e-01
-9.586824860322251673e-02
8.501140859952041051e-01
2.241389019849756026e-01
-6.979645572284962629e-01
2.025602488070581408e-01
-1.903319057604876186e+00
4.019550853266670720e-02
-9.818565028229158109e-01
4.387754281372292509e-01
9.571126148399729250e-02
-3.300964793176508483e-02
-1.411320728455060847e+00
5.789010096503466318e-01
-1.188004506243969111e-01
-1.614913154037947440e-01
3.047484812260420339e-01
3.693535977297072170e-01
-1.407676884363978642e+00
-1.732036328172262163e+00
6.668620270459267863e-01
-2.300811788026300431e-01
1.407859834102531682e+00
8.119889156303106148e-01
-1.492483793706018691e-01
-1.118313151056376853e+00
-1.103770750440131287e+00
-2.107112181883690205e+00
4.679148010210274489e-01
3.819617383925383303e-01
-1.485455652125317272e+00
7.696716541375472342e-01
1.520215626633137918e-01
-1.666774256459655268e+00
7.622583193857468409e-01
6.957474327654653568e-01
7.644098661468483602e-01
3.059562331101514654e-01
1.303630986309702311e-01
1.169059376314742771e+00
-4.474795838224283062e-01
-8.965219595315937484e-01
-2.901271446369591001e-01
2.570706499924159782e+00
1.868019084307518618e+00
-9.579968229177047156e-01
1.237558345902632251e+00
-1.330067853002016021e-01
-1.027922905285496791e+00
1.798519915923888046e+00
-2.082577039757566584e-01
2.296070319480933986e+00
-5.009322894296848183e-01
2.549742581857089574e-01
-7.945044553116515917e-01
-1.288482705398739936e-03
1.856308041521334662e+00
-9.095719437482996383e-01
-1.397517427856781902e+00
-2.905123311268709152e-01
-2.057846007627294194e-01
1.105751007090455262e+00
4.968047857380810672e-01
-1.027540162553520098e+00
3.458313335035797520e-01
-1.506242080561483454e-01
-5.761304001057240276e-01
-3.688035719165336790e-01
-4.957913958901134510e-01
-1.452031484190785982e+00
1.789976439183447732e-01
-7.333072621411064196e-01
-3.546189574405232414e-01
-2.092309958703074013e+00
1.128274588915861854e+00
2.311727380066813387e-01
-1.903719657578790247e+00
1.828162598342982337e+00
7.861372689013053083e-01
-8.906075462556609090e-02
-8.696088050620848220e-02
-8.072828176150314006e-01
-1.537644213949096894e+00
6.149366966697298320e-01
-1.546489856972380061e-01
1.475539159926639310e-01
2.888806601495688686e-01
-4.949175531463992916e-01
-1.003493624486702651e-01
1.077558146714074461e+00
1.263780250604103594e+00
9.201671619425093596e-01
1.509373671268221528e+00
4.304057613821499206e-01
5.414987552351879785e-02
-8.403548014366191143e-01
-4.322651911546506742e-01
-9.277111308205996387e-01
6.461031488147314095e-01
7.503938948486081895e-01
1.403322926204493004e-01
-3.443748146127323384e-01
1.228642323183873342e-01
-8.548364423434604009e-02
-1.172073313594386379e+00
5.171829452105597413e-02
6.718247384115165755e-01
-5.831745395785913333e-01
-5.144448179135360233e-01
2.371489452931474506e-01
1.313535677129645807e-01
-2.042135166570926419e+00
2.377035750610415055e-01
1.641926597015126166e-01
4.481545132815085153e-01
2.297520053429023545e-01
-6.759941996522489394e-01
1.683221514168109056e+00
2.871662709737003438e-01
-1.682511310704886409e-01
-9.036092562010181739e-01
-1.824978094510838034e+00
5.283607302673543060e-01
4.506860844133916966e-01
3.981032729331762665e-01
-8.642142589733965430e-01
-9.970158960352404343e-01
-1.044027103028340786e+00
-1.268249452510525010e+00
7.243601085460243949e-01
-1.685053736863403318e+00
-4.956604256748430859e-01
1.323600154927107697e+00
-8.374174915191303636e-01
3.095735534240950937e-01
-3.607957995781622684e-01
7.718321623600468140e-01
2.503201852772229508e+00
-3.839610675935981599e-01
9.008860597065351805e-02
-9.497731535527074997e-02
-2.514912320532639578e-01
-3.678739413443402384e+00
-1.382924093877828220e+00
-1.271475348139106343e+00
4.881185867480541396e-01
1.576707504714505603e+00
1.902687959911118831e+00
-1.233493649537501513e-01
-6.824817042931525801e-01
8.940050184146109968e-01
-1.020871492347582787e+00
-7.199030624432868619e-02
-2.033594459205833038e-01
-3.915476666129463768e-01
-6.207334062851044276e-01
-1.387494936373515619e+00
1.945004760585996362e+00
-1.604811600816106631e+00
-2.909367351577020755e-01
8.772194522146813112e-02
8.559698055020823482e-01
-1.301241418102490055e+00
2.250811437243048774e-01
-3.617536840075685212e-01
-1.294078927917809541e+00
-2.700762873914467899e-01
4.821596660554960945e-01
1.683681271621749076e+00
1.142225046696461410e+00
5.373504952428183046e-01
1.246308776818182418e+00
-1.119782076743456978e+00
-5.257433605963064416e-01
-4.452214724301559179e-01
-4.495129266347850927e-01
1.317324927048746597e+00
-8.748401870093169830e-01
-6.770723667542648538e-01
9.229474254623905027e-01
5.124704277351628257e-01
-4.403486415881681104e-01
-1.006204384392676454e+00
-9.569926469352714182e-01
1.965502838878348257e-02
1.017795132800767499e+00
5.520877118019412721e-01
-1.767527033269869818e+00
2.642279313967297316e-01
1.137608756694430623e+00
1.078928625805446018e+00
1.382165595482806597e-01
6.554660207193512278e-01
-1.478094166690311129e+00
-9.090054883364278027e-01
3.139352998466085620e-01
1.410402625539708854e+00
1.403142215403776483e+00
-1.861146478137326588e-01
-9.234640710706143452e-01
-4.029146771669706584e-01
2.829190465558326650e-01
-3.595372874788361761e-01
-6.805302464040602350e-01
-5.017661536323525517e-01
5.243401506806857348e-01
-1.143925614283114456e-03
-2.870044768248510847e-01
-1.449758063367250660e+00
-9.004532368041078261e-01
4.883790035739347113e-01
-1.529147739299803410e+00
-7.439980081737827822e-02
-1.391669777048711421e+00
7.069582381294662321e-01
-2.202339008976501145e+00
-1.161624553363239665e+00
1.097319382176949798e+00
-1.623955508233503986e+00
5.457914652761046703e-01
-4.407864754958543130e-01
-1.023682428938906375e+00
-2.231482789303730896e-01
-3.397492938113929606e-01
1.020768652709866720e+00
-4.682674017977307424e-01
8.057819756660438149e-01
-6.143566436440409673e-01
1.424969504067252535e+00
1.309997043021271512e+00
-4.344463639267514554e-01
-3.622852997152372079e-01
6.827923598972235331e-02
-1.184045041527477249e-01
-9.890998470721412694e-01
1.330422639455128286e-01
1.733959368623840591e+00
-3.329773043752892736e-01
-2.190240559026868983e+00
-2.347055823182168321e+00
-2.088100532645761120e+00
-6.753200007919950565e-01
5.007579586903861957e-01
-3.484464588089768861e-02
-1.992146431006951435e+00
1.079730133831073857e+00
6.540574496866974341e-02
-5.341678914003401557e-01
-6.937761445758143797e-01
-5.758303772114718999e-01
-1.351331075001340754e+00
8.457271615435473233e-01
8.323033653573614910e-01
-1.652868780959817707e+00
1.092581717570574318e+00
5.887814875347052723e-01
1.533739770298296445e+00
1.575245213947462863e+00
-1.394738228470814745e+00
2.425120824513856910e+00
8.420351374833092706e-01
3.866426314558267796e-01
-8.589193945681308229e-01
3.363408204747446728e-01
8.779503622375717242e-02
-5.107252520664874451e-01
1.278737767465619957e+00
1.127524962432135514e+00
5.771366281762924100e-02
1.797869986353765936e+00
-1.296490430365235591e+00
-9.467507720286910677e-01
-3.564574366327548094e-01
7.477275663274758344e-01
1.720260381668661909e+00
-7.625152401269058577e-01
1.019628369861507400e+00
-9.227677645962322206e-01
-9.763008874521785785e-01
4.693614634900729055e-01
-1.750156841939632502e+00
-1.435061148120164276e+00
-1.133619228337821694e+00
2.784484269165876102e-01
-4.913953796394643359e-01
5.247231766018253252e-01
1.176160777465951712e+00
3.669530843996725022e-01
1.371862142250441119e+00
1.455925258726387783e+00
1.752826436667809462e+00
1.186483686728651010e+00
-9.245515991964935454e-01
-3.850704787113516381e-01
-4.633272525305820455e-01
-1.820502823626237721e+00
-7.598421154643857367e-01
-2.486006767333230005e+00
-1.455155119982633138e+00
-7.376006095672138496e-02
2.754278230764953261e-01
-4.196784101681233503e-01
3.839589783261317391e-01
-1.273390950446846359e+00
-2.060943020914349333e+00
-1.001246130920576682e+00
7.924669100216731321e-01
1.525943519713801044e-01
-2.316255493135965238e-01
2.138772993052923344e+00
3.056480276462840706e+00
7.208812854139870496e-02
1.922408406567980954e+00
-1.859145629917128839e-01
4.670846771516851126e-02
-1.951163536230987872e-01
-2.851785005250950800e-01
-5.382670905657943594e-01
-6.607567593764072100e-01
9.125538808739949159e-01
1.696733768145370913e+00
-1.224552067658141175e-01
7.120870073338803063e-01
9.771653162870123921e-02
-8.871908979035583176e-01
-1.802764754407758963e+00
-7.786791061420914595e-01
-1.625091583409144502e-01
-4.405121209015003814e-01
1.041058326874368056e+00
-6.581867596673958154e-01
5.434164925212739972e-01
-5.259757000122036175e-01
4.961934991080076407e-01
-1.042190834147420642e+00
-1.637443927341371452e+00
1.423986977654245534e+00
-2.965006313229774815e+00
-1.148259773744262136e+00
1.243830742645924275e-01
5.797019223022062961e-01
5.899511634618309630e-01
-8.330101512319382229e-01
1.043891363696539676e+00
-8.623007904022973458e-01
-8.637061302852329092e-01
1.155049453057198638e+00
5.014191912174426058e-01
2.660435609772400234e+00
-5.525037423246932367e-01
-7.779240361535803006e-01
1.149062384073554488e-01
-1.526487394438674094e+00
-7.673107053259116128e-01
6.662041240142881904e-01
-1.756379424421221080e-01
1.187207687602376271e-01
4.224672382559045980e-01
2.488705266167692276e-01
-1.766462086714392754e+00
3.016054563158638291e-01
5.299881387017705281e-01
2.519499872273933683e-01
-1.878310032410053787e-01
6.903981936518197582e-01
-1.489315572509610552e+00
9.742772400714034831e-01
1.464832656255798948e-02
5.982854861137865132e-01
8.231906837907168040e-01
5.452053474055735816e-01
-7.484674856388577879e-01
1.011159117335121538e+00
1.885969781863090500e+00
-1.977638918631856813e+00
6.747425434451215231e-01
-2.861026788689196021e+00
-2.381160608117957267e+00
-7.605585037638278312e-01
-5.300127357388280114e-01
-6.596232698357670232e-01
1.670381812032862567e-01
7.157198206694764808e-01
-1.688181858283266612e+00
1.309736661865847029e+00
3.380972115153050295e-01
-1.596267185641513375e+00
4.612611017067970165e-01
2.812239563683487376e-01
-1.104389931085556498e-01
-4.834374657656984597e-01
1.669535753826490776e+00
1.805574059037523271e-01
1.509136627578498313e+00
-1.161700395026690424e+00
-1.411119331800019250e-01
6.279806098081153198e-01
6.601682998146014558e-01
-1.770494596582197655e+00
3.326377302907561062e-01
-2.201275614538345415e+00
-9.578707393956713556e-01
6.964869354530912604e-01
1.372832110368421121e+00
7.679456136331201943e-01
-1.421542307762915514e-01
7.736196962444877312e-02
-5.272253785577403207e-01
9.370326991734592159e-01
1.831510508749266908e+00
4.648013340128429594e-01
-1.822618421075755668e-02
-3.404073402936803050e-01
-9.427511825268168888e-01
1.404005495636885925e+00
-2.102971310290057794e+00
-1.205358521570054409e+00
-1.242969086809301738e+00
-1.403557482120468269e-01
-2.388205342381013452e-01
-1.332858174863754019e+00
8.627755790214309828e-01
-6.018082134799349614e-01
1.150115877965544930e+00
5.322074677960675348e-01
3.180789775573709954e-02
1.069164461074574080e+00
-2.262985457967463088e+00
-4.848540283629890202e-02
8.330367447918097801e-01
5.086294500449183298e-01
-1.174587341808154939e+00
1.470312990803904540e+00
1.486475829487889699e+00
5.829006411614124916e-01
-9.212313475658453488e-01
1.457335416646897697e+00
1.205111912496382165e-01
1.780501547419304775e-01
-3.726523559028346866e-01
-1.838453900329423574e+00
7.604881346083222637e-02
2.568145217794194357e-01
-1.502227930138858358e+00
-2.453303920764363932e-01
7.949819194749916385e-01
-1.042023736675343537e+00
5.691269939080280393e-02
-5.727715250134386427e-01
5.167308486646281507e-01
5.496970894118760054e-01
5.494230578844108148e-01
-1.460410538014322412e+00
1.769273112180570262e+00
5.461685334944388348e-01
-4.642597139515741711e-02
4.517106594896386218e-01
1.883189365321014663e-01
-1.130781267779062960e+00
